vmax_froot_n 2 1.4077583847351e-12 4.2232751542053e-12
vmax_froot_n 3 6.95536617116765e-12 2.086609851350295e-11
vmax_froot_n 11 1.195536617116765e-11 3.5866098513502956e-11
vmax_froot_p 2 6.5649687323981e-14 1.96949061971943e-13
vmax_froot_p 3 1.50135345175153e-13 4.50406035525459e-13
vmax_froot_p 11 5.0135345175153e-13 1.5040603552545899e-12
vmax_fungi_din 2 1.00646532e-08 3.01939596e-08
vmax_fungi_din 3 7.6294718e-09 2.28884154e-08
vmax_fungi_din 11 3.531309115e-09 1.0593927345e-08
vmax_fungi_dip 2 1.04708073e-10 3.14124219e-10
vmax_fungi_dip 3 2.251127875e-10 6.753383625e-10
vmax_fungi_dip 11 1.229882915e-09 3.689648745e-09
vmax_fungi_son 2 5.5646532e-09 1.66939596e-08
vmax_fungi_son 3 3.51044718e-08 1.0531341540000001e-07
vmax_fungi_son 11 5.31309115e-08 1.593927345e-07
vmax_fungi_sop 2 4.29708073e-11 1.289124219e-10
vmax_fungi_sop 3 8.51127875e-11 2.553383625e-10
vmax_fungi_sop 11 1.179882915e-09 3.5396487449999996e-09
zwt_fungi_a 2 0.3 0.9
zwt_fungi_a 3 0.3 0.9
zwt_fungi_a 11 0.4 1
zwt_fungi_b 2 -0.1 0.1
zwt_fungi_b 3 -0.1 0.1
zwt_fungi_b 11 0.4 1
zwt_froot_a 11 0 2
km_froot_n 11 3.5 10.5
km_froot_p 11 0.0035 0.0105
alpha_fpg 11 0.75 2.25
km_nsc 11 1.0 3.0
fungi_cost_n 11 10.0 30.0
fungi_cost_p 11 100.0 300.0
q10_upt 11 1.0 3.0
swc_opt 11 0.3 0.8999999999999999
