vmax_froot_n 2 1.4077583847351e-12 4.2232751542053e-12
vmax_froot_n 3 7.95536617116765e-12 2.3866098513502952e-11
vmax_froot_n 11 4.545536617116765e-12 1.3636609851350295e-11
vmax_froot_p 2 6.5649687323981e-14 1.96949061971943e-13
vmax_froot_p 3 1.50135345175153e-13 4.50406035525459e-13
vmax_froot_p 11 2.15135345175153e-13 6.45406035525459e-13
vmax_fungi_din 2 1.00646532e-08 3.01939596e-08
vmax_fungi_din 3 7.6294718e-09 2.28884154e-08
vmax_fungi_din 11 7.31309115e-09 2.193927345e-08
vmax_fungi_dip 2 1.04708073e-10 3.14124219e-10
vmax_fungi_dip 3 2.251127875e-10 6.753383625e-10
vmax_fungi_dip 11 2.229882915e-10 6.689648745e-10
vmax_fungi_son 2 2.55646532e-09 7.669395959999999e-09
vmax_fungi_son 3 1.51044718e-08 4.5313415399999994e-08
vmax_fungi_son 11 5.31309115e-08 1.593927345e-07
vmax_fungi_sop 2 2.29708073e-11 6.89124219e-11
vmax_fungi_sop 3 8.51127875e-11 2.553383625e-10
vmax_fungi_sop 11 5.29882915e-10 1.5896487449999999e-09
zwt_fungi_a 2 0.3 0.9
zwt_fungi_a 3 0.3 0.9
zwt_fungi_a 11 0.4 1
zwt_fungi_b 2 -0.1 0.1
zwt_fungi_b 3 -0.1 0.1
zwt_fungi_b 11 0.4 1
zwt_froot_a 11 0 2
km_froot_n 0 3.5 10.5
km_froot_p 0 0.0035 0.0105
alpha_fpg 0 0.75 2.25
km_nsc 0 1.0 3.0
fungi_cost_n 0 10.0 30.0
fungi_cost_p 0 100.0 300.0
q10_upt 0 1.0 3.0
swc_opt 0 0.3 0.8999999999999999
