vmax_froot_n 2 4.2537922e-13 4.2537922e-11
vmax_froot_n 3 9.683846600000001e-12 9.6838466e-10
vmax_froot_n 11 9.64621718e-13 9.64621718e-11
vmax_froot_p 2 4.4409479900000006e-14 4.44094799e-12
vmax_froot_p 3 3.6460963000000003e-13 3.6460963e-11
vmax_froot_p 11 5.51567323e-14 5.51567323e-12
vmax_fungi_din 2 4.5977396756146004e-10 4.5977396756146004e-08
vmax_fungi_din 3 3.4832940370660103e-09 3.4832940370660103e-07
vmax_fungi_din 11 3.3289409710129603e-10 3.3289409710129595e-08
vmax_fungi_dip 2 1.222934959755e-11 1.222934959755e-09
vmax_fungi_dip 3 2.75666458920476e-11 2.75666458920476e-09
vmax_fungi_dip 11 8.036860744685901e-11 8.036860744685901e-09
vmax_fungi_son 2 2.55004240634888e-10 2.5500424063488798e-08
vmax_fungi_son 3 1.02089436e-09 1.0208943599999999e-07
vmax_fungi_son 11 3.5747600439086298e-09 3.57476004390863e-07
vmax_fungi_sop 2 1.52007484344376e-12 1.52007484344376e-10
vmax_fungi_sop 3 1.0791824812992701e-11 1.07918248129927e-09
vmax_fungi_sop 11 1.12650425480598e-11 1.12650425480598e-09
km_froot_n 2 3.5 14.0
km_froot_n 3 3.5 14.0
km_froot_n 11 3.5 14.0
km_froot_p 2 0.002477694685707585 0.00991077874283034
km_froot_p 3 0.002477694685707585 0.00991077874283034
km_froot_p 11 0.002477694685707585 0.00991077874283034
inh_fungi_a 2 0.2 0.8
inh_fungi_a 3 0.2 0.8
inh_fungi_a 11 0.4 1
inh_fungi_b 2 -0.1 0.1
inh_fungi_b 3 -0.1 0.1
inh_fungi_b 11 -0.1 0
zwt_froot_a 11 0 2
fungi_cost_n 0 0 20
fungi_cost_p 0 0 200
q10_upt 0 1 3
swc_opt 0 0.3 0.9
alpha_fpg 0 0.75 2.25
km_nsc 0 1 3
