#Variable	Startyear	endyear	Startday	endday	averaging period	factor	add offset	pft	obs	obs_err	treatment
HR	2016	2016	1	365	365	-31536000.00	0	0	-352.7	-176.35	T0.00
HR	2016	2016	1	365	365	-31536000.00	0	0	-372.5	-186.25	T0.00CO2
HR	2016	2016	1	365	365	-31536000.00	0	0	-439.5	-219.75	T2.25
HR	2016	2016	1	365	365	-31536000.00	0	0	-467.4	-233.7	T2.25CO2
HR	2016	2016	1	365	365	-31536000.00	0	0	-453.3	-226.65	T4.50
HR	2016	2016	1	365	365	-31536000.00	0	0	-537.3	-268.65	T4.50CO2
HR	2016	2016	1	365	365	-31536000.00	0	0	-505.1	-252.55	T6.75
HR	2016	2016	1	365	365	-31536000.00	0	0	-540.7	-270.35	T6.75CO2
HR	2016	2016	1	365	365	-31536000.00	0	0	-503.3	-251.65	T9.00
HR	2016	2016	1	365	365	-31536000.00	0	0	-513.8	-256.9	T9.00CO2
HR	2016	2016	1	365	365	-31536000.00	0	0	-369.9	-184.95	TAMB
HR	2017	2017	1	365	365	-31536000.00	0	0	-322.1	-161.05	T0.00
HR	2017	2017	1	365	365	-31536000.00	0	0	-353.4	-176.7	T0.00CO2
HR	2017	2017	1	365	365	-31536000.00	0	0	-411.4	-205.7	T2.25
HR	2017	2017	1	365	365	-31536000.00	0	0	-373.0	-186.5	T2.25CO2
HR	2017	2017	1	365	365	-31536000.00	0	0	-397.5	-198.75	T4.50
HR	2017	2017	1	365	365	-31536000.00	0	0	-453.3	-226.65	T4.50CO2
HR	2017	2017	1	365	365	-31536000.00	0	0	-479.6	-239.8	T6.75
HR	2017	2017	1	365	365	-31536000.00	0	0	-520.8	-260.4	T6.75CO2
HR	2017	2017	1	365	365	-31536000.00	0	0	-474.6	-237.3	T9.00
HR	2017	2017	1	365	365	-31536000.00	0	0	-490.6	-245.3	T9.00CO2
HR	2017	2017	1	365	365	-31536000.00	0	0	-352.0	-176.0	TAMB
HR	2018	2018	1	365	365	-31536000.00	0	0	-324.1	-162.05	T0.00
HR	2018	2018	1	365	365	-31536000.00	0	0	-327.4	-163.7	T0.00CO2
HR	2018	2018	1	365	365	-31536000.00	0	0	-386.9	-193.45	T2.25
HR	2018	2018	1	365	365	-31536000.00	0	0	-382.0	-191.0	T2.25CO2
HR	2018	2018	1	365	365	-31536000.00	0	0	-390.6	-195.3	T4.50
HR	2018	2018	1	365	365	-31536000.00	0	0	-456.8	-228.4	T4.50CO2
HR	2018	2018	1	365	365	-31536000.00	0	0	-471.7	-235.85	T6.75
HR	2018	2018	1	365	365	-31536000.00	0	0	-510.6	-255.3	T6.75CO2
HR	2018	2018	1	365	365	-31536000.00	0	0	-467.4	-233.7	T9.00
HR	2018	2018	1	365	365	-31536000.00	0	0	-481.3	-240.65	T9.00CO2
HR	2018	2018	1	365	365	-31536000.00	0	0	-356.9	-178.45	TAMB
HR	2019	2019	1	365	365	-31536000.00	0	0	-347.8052949779444	-173.9026474889722	T0.00
HR	2019	2019	1	365	365	-31536000.00	0	0	-348.4502690701918	-174.2251345350959	T0.00CO2
HR	2019	2019	1	365	365	-31536000.00	0	0	-391.9103158127803	-195.95515790639016	T2.25
HR	2019	2019	1	365	365	-31536000.00	0	0	-405.39139586569274	-202.69569793284637	T2.25CO2
HR	2019	2019	1	365	365	-31536000.00	0	0	-427.1860265077897	-213.59301325389484	T4.50
HR	2019	2019	1	365	365	-31536000.00	0	0	-381.0705204888745	-190.53526024443724	T4.50CO2
HR	2019	2019	1	365	365	-31536000.00	0	0	-427.79328512151426	-213.89664256075713	T6.75
HR	2019	2019	1	365	365	-31536000.00	0	0	-468.3327049062548	-234.1663524531274	T6.75CO2
HR	2019	2019	1	365	365	-31536000.00	0	0	-635.0470120012402	-317.5235060006201	T9.00
HR	2019	2019	1	365	365	-31536000.00	0	0	-608.0499409165157	-304.0249704582578	T9.00CO2
HR	2019	2019	1	365	365	-31536000.00	0	0	-305.8812960331018	-152.9406480165509	TAMB
HR	2020	2020	1	365	365	-31536000.00	0	0	-364.47738793374907	-182.23869396687454	T0.00
HR	2020	2020	1	365	365	-31536000.00	0	0	-382.8988043373162	-191.4494021686581	T0.00CO2
HR	2020	2020	1	365	365	-31536000.00	0	0	-425.60797436243774	-212.80398718121887	T2.25
HR	2020	2020	1	365	365	-31536000.00	0	0	-439.94608201762236	-219.97304100881118	T2.25CO2
HR	2020	2020	1	365	365	-31536000.00	0	0	-471.95824567686736	-235.97912283843368	T4.50
HR	2020	2020	1	365	365	-31536000.00	0	0	-422.76175505563793	-211.38087752781897	T4.50CO2
HR	2020	2020	1	365	365	-31536000.00	0	0	-461.6905425948237	-230.84527129741184	T6.75
HR	2020	2020	1	365	365	-31536000.00	0	0	-522.5466663952078	-261.2733331976039	T6.75CO2
HR	2020	2020	1	365	365	-31536000.00	0	0	-697.6386466724504	-348.8193233362252	T9.00
HR	2020	2020	1	365	365	-31536000.00	0	0	-656.0410619563896	-328.0205309781948	T9.00CO2
HR	2020	2020	1	365	365	-31536000.00	0	0	-318.1327090324538	-159.0663545162269	TAMB
NEE	2016	2016	1	365	365	-31536000.00	0	0	-161.27985935451477	-80.63992967725738	T0.00
NEE	2016	2016	1	365	365	-31536000.00	0	0	-45.12786501080657	-22.563932505403287	T0.00CO2
NEE	2016	2016	1	365	365	-31536000.00	0	0	-87.029027761077	-43.5145138805385	T2.25
NEE	2016	2016	1	365	365	-31536000.00	0	0	-233.6541705595343	-116.82708527976715	T2.25CO2
NEE	2016	2016	1	365	365	-31536000.00	0	0	-207.11218888428598	-103.55609444214299	T4.50
NEE	2016	2016	1	365	365	-31536000.00	0	0	-226.62526160397815	-113.31263080198907	T4.50CO2
NEE	2016	2016	1	365	365	-31536000.00	0	0	-298.3996810005498	-149.1998405002749	T6.75
NEE	2016	2016	1	365	365	-31536000.00	0	0	-403.32666843381867	-201.66333421690933	T6.75CO2
NEE	2016	2016	1	365	365	-31536000.00	0	0	-285.63423100332454	-142.81711550166227	T9.00
NEE	2016	2016	1	365	365	-31536000.00	0	0	-304.61300213346635	-152.30650106673318	T9.00CO2
NEE	2016	2016	1	365	365	-31536000.00	0	0	-251.70649109165882	-125.85324554582941	TAMB
NEE	2017	2017	1	365	365	-31536000.00	0	0	-3.914365997975384	-1.957182998987692	T0.00
NEE	2017	2017	1	365	365	-31536000.00	0	0	9.299050019440521	4.649525009720261	T0.00CO2
NEE	2017	2017	1	365	365	-31536000.00	0	0	-16.063747645184545	-8.031873822592273	T2.25
NEE	2017	2017	1	365	365	-31536000.00	0	0	-142.3485700124704	-71.1742850062352	T2.25CO2
NEE	2017	2017	1	365	365	-31536000.00	0	0	-108.89855338435069	-54.449276692175346	T4.50
NEE	2017	2017	1	365	365	-31536000.00	0	0	-179.01046548142207	-89.50523274071104	T4.50CO2
NEE	2017	2017	1	365	365	-31536000.00	0	0	-318.42288661868787	-159.21144330934393	T6.75
NEE	2017	2017	1	365	365	-31536000.00	0	0	-286.90502867265747	-143.45251433632873	T6.75CO2
NEE	2017	2017	1	365	365	-31536000.00	0	0	-248.4075022016089	-124.20375110080445	T9.00
NEE	2017	2017	1	365	365	-31536000.00	0	0	-135.63960882204765	-67.81980441102382	T9.00CO2
NEE	2017	2017	1	365	365	-31536000.00	0	0	-140.4500209256908	-70.2250104628454	TAMB
NEE	2018	2018	1	365	365	-31536000.00	0	0	33.753224628512214	16.876612314256107	T0.00
NEE	2018	2018	1	365	365	-31536000.00	0	0	-64.94754541085403	-32.47377270542702	T0.00CO2
NEE	2018	2018	1	365	365	-31536000.00	0	0	28.610948209744457	14.305474104872228	T2.25
NEE	2018	2018	1	365	365	-31536000.00	0	0	-111.29837935822776	-55.64918967911388	T2.25CO2
NEE	2018	2018	1	365	365	-31536000.00	0	0	-117.55261952847582	-58.77630976423791	T4.50
NEE	2018	2018	1	365	365	-31536000.00	0	0	-246.07599436955138	-123.03799718477569	T4.50CO2
NEE	2018	2018	1	365	365	-31536000.00	0	0	-312.9318650804266	-156.4659325402133	T6.75
NEE	2018	2018	1	365	365	-31536000.00	0	0	-453.27878195086413	-226.63939097543206	T6.75CO2
NEE	2018	2018	1	365	365	-31536000.00	0	0	-344.4471193533607	-172.22355967668034	T9.00
NEE	2018	2018	1	365	365	-31536000.00	0	0	-232.0778139840264	-116.0389069920132	T9.00CO2
NEE	2018	2018	1	365	365	-31536000.00	0	0	-132.41902936859393	-66.20951468429696	TAMB
NEE	2019	2019	1	365	365	-31536000.00	0	0	-19.691116642386284	-9.845558321193142	T0.00
NEE	2019	2019	1	365	365	-31536000.00	0	0	-32.00958992689337	-16.004794963446685	T0.00CO2
NEE	2019	2019	1	365	365	-31536000.00	0	0	-15.37005097915494	-7.68502548957747	T2.25
NEE	2019	2019	1	365	365	-31536000.00	0	0	-176.12409989368606	-88.06204994684303	T2.25CO2
NEE	2019	2019	1	365	365	-31536000.00	0	0	-200.4264475707521	-100.21322378537604	T4.50
NEE	2019	2019	1	365	365	-31536000.00	0	0	-175.41976407266867	-87.70988203633433	T4.50CO2
NEE	2019	2019	1	365	365	-31536000.00	0	0	-362.20675924111345	-181.10337962055672	T6.75
NEE	2019	2019	1	365	365	-31536000.00	0	0	-281.0400711217416	-140.5200355608708	T6.75CO2
NEE	2019	2019	1	365	365	-31536000.00	0	0	-705.381220269997	-352.6906101349985	T9.00
NEE	2019	2019	1	365	365	-31536000.00	0	0	-556.4822985329221	-278.24114926646104	T9.00CO2
NEE	2019	2019	1	365	365	-31536000.00	0	0	-57.56215802705617	-28.781079013528085	TAMB
NEE	2020	2020	1	365	365	-31536000.00	0	0	-9.178559921666162	-4.589279960833081	T0.00
NEE	2020	2020	1	365	365	-31536000.00	0	0	-123.32251352270148	-61.66125676135074	T0.00CO2
NEE	2020	2020	1	365	365	-31536000.00	0	0	-39.40643608410472	-19.70321804205236	T2.25
NEE	2020	2020	1	365	365	-31536000.00	0	0	-215.08763735430472	-107.54381867715236	T2.25CO2
NEE	2020	2020	1	365	365	-31536000.00	0	0	-272.6506155540969	-136.32530777704844	T4.50
NEE	2020	2020	1	365	365	-31536000.00	0	0	-316.3472686205365	-158.17363431026826	T4.50CO2
NEE	2020	2020	1	365	365	-31536000.00	0	0	-423.10102181832	-211.55051090916	T6.75
NEE	2020	2020	1	365	365	-31536000.00	0	0	-449.33579416141686	-224.66789708070843	T6.75CO2
NEE	2020	2020	1	365	365	-31536000.00	0	0	-943.2597799729248	-471.6298899864624	T9.00
NEE	2020	2020	1	365	365	-31536000.00	0	0	-681.3351355277872	-340.6675677638936	T9.00CO2
NEE	2020	2020	1	365	365	-31536000.00	0	0	-125.49942296216246	-62.74971148108123	TAMB
