#Variable	Startyear	endyear	Startday	endday	averaging period	factor	add offset	pft	obs	obs_err	treatment
AGNPP	2016	2020	1	365	1825	11352960.00,4415040.00	0	2,3	57.879999999999995	14.469999999999999	T0.00
AGNPP	2016	2020	1	365	1825	11352960.00,4415040.00	0	2,3	103.34	25.835	T0.00CO2
AGNPP	2016	2020	1	365	1825	11352960.00,4415040.00	0	2,3	157.76	39.44	T2.25
AGNPP	2016	2020	1	365	1825	11352960.00,4415040.00	0	2,3	79.8	19.95	T2.25CO2
AGNPP	2016	2020	1	365	1825	11352960.00,4415040.00	0	2,3	67.1	16.775	T4.50
AGNPP	2016	2020	1	365	1825	11352960.00,4415040.00	0	2,3	58.02	14.505	T4.50CO2
AGNPP	2016	2020	1	365	1825	11352960.00,4415040.00	0	2,3	92.92	23.23	T6.75
AGNPP	2016	2020	1	365	1825	11352960.00,4415040.00	0	2,3	96.97999999999999	24.244999999999997	T6.75CO2
AGNPP	2016	2020	1	365	1825	11352960.00,4415040.00	0	2,3	51.3	12.825	T9.00
AGNPP	2016	2020	1	365	1825	11352960.00,4415040.00	0	2,3	77.25999999999999	19.314999999999998	T9.00CO2
AGNPP	2016	2020	1	365	1825	11352960.00,4415040.00	0	2,3	75.22	18.805	TAMB
AGNPP	2016	2020	1	365	1825	7884000.00	0	11	84.23660835509138	21.059152088772844	T0.00
AGNPP	2016	2020	1	365	1825	7884000.00	0	11	103.07188250652742	25.767970626631854	T0.00CO2
AGNPP	2016	2020	1	365	1825	7884000.00	0	11	92.56887989556137	23.14221997389034	T2.25
AGNPP	2016	2020	1	365	1825	7884000.00	0	11	92.49607571801569	23.124018929503922	T2.25CO2
AGNPP	2016	2020	1	365	1825	7884000.00	0	11	111.76879895561358	27.942199738903394	T4.50
AGNPP	2016	2020	1	365	1825	7884000.00	0	11	157.89722976501304	39.47430744125326	T4.50CO2
AGNPP	2016	2020	1	365	1825	7884000.00	0	11	111.55930809399479	27.889827023498697	T6.75
AGNPP	2016	2020	1	365	1825	7884000.00	0	11	135.44942558746735	33.862356396866836	T6.75CO2
AGNPP	2016	2020	1	365	1825	7884000.00	0	11	131.05117232375977	32.76279308093994	T9.00
AGNPP	2016	2020	1	365	1825	7884000.00	0	11	173.08612532637076	43.27153133159269	T9.00CO2
AGNPP	2016	2020	1	365	1825	7884000.00	0	11	77.91123759791124	19.47780939947781	TAMB
BGNPP	2016	2020	1	365	1825	11352960.00,4415040.00,7884000.00	0	2,3,11	68.33000000000001	17.082500000000003	T0.00
BGNPP	2016	2020	1	365	1825	11352960.00,4415040.00,7884000.00	0	2,3,11	24.527499999999996	6.131874999999999	T0.00CO2
BGNPP	2016	2020	1	365	1825	11352960.00,4415040.00,7884000.00	0	2,3,11	88.05	22.0125	T2.25
BGNPP	2016	2020	1	365	1825	11352960.00,4415040.00,7884000.00	0	2,3,11	40.0725	10.018125	T2.25CO2
BGNPP	2016	2020	1	365	1825	11352960.00,4415040.00,7884000.00	0	2,3,11	86.84750000000001	21.711875000000003	T4.50
BGNPP	2016	2020	1	365	1825	11352960.00,4415040.00,7884000.00	0	2,3,11	107.1425	26.785625	T4.50CO2
BGNPP	2016	2020	1	365	1825	11352960.00,4415040.00,7884000.00	0	2,3,11	88.02	22.005	T6.75
BGNPP	2016	2020	1	365	1825	11352960.00,4415040.00,7884000.00	0	2,3,11	103.4125	25.853125	T6.75CO2
BGNPP	2016	2020	1	365	1825	11352960.00,4415040.00,7884000.00	0	2,3,11	108.69000000000001	27.172500000000003	T9.00
BGNPP	2016	2020	1	365	1825	11352960.00,4415040.00,7884000.00	0	2,3,11	118.95750000000001	29.739375000000003	T9.00CO2
BGNPP	2016	2020	1	365	1825	11352960.00,4415040.00,7884000.00	0	2,3,11	10.1475	2.536875	TAMB
TLAI	2016	2020	274	304	155	1	0	2	2.8838896085733685	0.7209724021433421	T0.00
TLAI	2016	2020	274	304	155	1	0	2	8.75743430519711	2.1893585762992775	T0.00CO2
TLAI	2016	2020	274	304	155	1	0	2	9.723174689941564	2.430793672485391	T2.25
TLAI	2016	2020	274	304	155	1	0	2	4.428457751581879	1.1071144378954698	T2.25CO2
TLAI	2016	2020	274	304	155	1	0	2	5.120889494728114	1.2802223736820284	T4.50
TLAI	2016	2020	274	304	155	1	0	2	3.5428305439610086	0.8857076359902522	T4.50CO2
TLAI	2016	2020	274	304	155	1	0	2	6.186661577021537	1.5466653942553843	T6.75
TLAI	2016	2020	274	304	155	1	0	2	6.081865042021613	1.5204662605054033	T6.75CO2
TLAI	2016	2020	274	304	155	1	0	2	2.379366794919687	0.5948416987299218	T9.00
TLAI	2016	2020	274	304	155	1	0	2	4.909278605520511	1.2273196513801277	T9.00CO2
TLAI	2016	2020	274	304	155	1	0	2	4.739418282184351	1.1848545705460878	TAMB
TLAI	2016	2020	200	230	155	1	0	3	5.561032776749433	1.3902581941873582	T0.00
TLAI	2016	2020	200	230	155	1	0	3	0.1663648174471835	0.04159120436179588	T0.00CO2
TLAI	2016	2020	200	230	155	1	0	3	6.523086316298136	1.630771579074534	T2.25
TLAI	2016	2020	200	230	155	1	0	3	4.564929715816494	1.1412324289541236	T2.25CO2
TLAI	2016	2020	200	230	155	1	0	3	2.6131693176379827	0.6532923294094957	T4.50
TLAI	2016	2020	200	230	155	1	0	3	3.124773054519982	0.7811932636299955	T4.50CO2
TLAI	2016	2020	200	230	155	1	0	3	3.5370767617889753	0.8842691904472438	T6.75
TLAI	2016	2020	200	230	155	1	0	3	5.84291058104773	1.4607276452619324	T6.75CO2
TLAI	2016	2020	200	230	155	1	0	3	5.4462719362934084	1.3615679840733521	T9.00
TLAI	2016	2020	200	230	155	1	0	3	1.7806114294151663	0.44515285735379156	T9.00CO2
TLAI	2016	2020	200	230	155	1	0	3	3.3450346877608426	0.8362586719402106	TAMB
TLAI	2016	2020	213	243	155	1	0	11	6.56083752452473	1.6402093811311824	T0.00
TLAI	2016	2020	213	243	155	1	0	11	9.013170544109194	2.2532926360272985	T0.00CO2
TLAI	2016	2020	213	243	155	1	0	11	4.995839937311578	1.2489599843278945	T2.25
TLAI	2016	2020	213	243	155	1	0	11	6.03739935352862	1.509349838382155	T2.25CO2
TLAI	2016	2020	213	243	155	1	0	11	9.295158191598468	2.323789547899617	T4.50
TLAI	2016	2020	213	243	155	1	0	11	12.298230913670597	3.0745577284176493	T4.50CO2
TLAI	2016	2020	213	243	155	1	0	11	6.211889038955683	1.5529722597389208	T6.75
TLAI	2016	2020	213	243	155	1	0	11	9.09920725632162	2.274801814080405	T6.75CO2
TLAI	2016	2020	213	243	155	1	0	11	9.601987970001264	2.400496992500316	T9.00
TLAI	2016	2020	213	243	155	1	0	11	12.73987911710433	3.1849697792760825	T9.00CO2
TLAI	2016	2020	213	243	155	1	0	11	7.524903287240329	1.8812258218100824	TAMB
